
	Classroom License -- for classroom instructional use only.

>> HopesAndDreams

H =

     []


NumberOfCombos =

     0


Q =

     []


H =

     8     7     6     5     4     3
     8     7     5     4     2     1
     0     0     0     0     0     0
     8     7     6     5     3     1
     8     7     5     4     2     1
     0     0     0     0     0     0
     8     7     6     4     3     2
     8     7     5     4     2     1
     0     0     0     0     0     0
     8     7     6     3     2     1
     8     7     5     4     2     1
     0     0     0     0     0     0
     8     7     5     4     2     1
     8     7     6     5     4     3
     0     0     0     0     0     0
     8     7     5     4     2     1
     8     7     6     5     3     1
     0     0     0     0     0     0
     8     7     5     4     2     1
     8     7     6     4     3     2
     0     0     0     0     0     0
     8     7     5     4     2     1
     8     7     6     3     2     1
     0     0     0     0     0     0
     8     7     5     4     2     1
     8     6     5     4     3     1
     0     0     0     0     0     0
     8     7     5     4     2     1
     8     6     4     3     2     1
     0     0     0     0     0     0
     8     7     5     4     2     1
     7     6     5     4     3     2
     0     0     0     0     0     0
     8     7     5     4     2     1
     7     6     5     3     2     1
     0     0     0     0     0     0
     8     7     5     4     2     1
     6     5     4     3     2     1
     0     0     0     0     0     0
     8     6     5     4     3     1
     8     7     5     4     2     1
     0     0     0     0     0     0
     8     6     4     3     2     1
     8     7     5     4     2     1
     0     0     0     0     0     0
     7     6     5     4     3     2
     8     7     5     4     2     1
     0     0     0     0     0     0
     7     6     5     3     2     1
     8     7     5     4     2     1
     0     0     0     0     0     0
     6     5     4     3     2     1
     8     7     5     4     2     1
     0     0     0     0     0     0


NumberOfCombos =

    18


Q =

     0     1     2
     0     3     6
     0     0     0
     0     2     4
     0     3     6
     0     0     0
     0     1     5
     0     3     6
     0     0     0
     0     4     5
     0     3     6
     0     0     0
     0     3     6
     0     1     2
     0     0     0
     0     3     6
     0     2     4
     0     0     0
     0     3     6
     0     1     5
     0     0     0
     0     3     6
     0     4     5
     0     0     0
     0     3     6
     0     2     7
     0     0     0
     0     3     6
     0     5     7
     0     0     0
     0     3     6
     0     1     8
     0     0     0
     0     3     6
     0     4     8
     0     0     0
     0     3     6
     0     7     8
     0     0     0
     0     2     7
     0     3     6
     0     0     0
     0     5     7
     0     3     6
     0     0     0
     0     1     8
     0     3     6
     0     0     0
     0     4     8
     0     3     6
     0     0     0
     0     7     8
     0     3     6
     0     0     0


H =

     []


NumberOfCombos =

     0


Q =

     []


H =

     8     7     6     5     4     3     2     1
     8     7     6     5     4     3     2     1
     0     0     0     0     0     0     0     0


NumberOfCombos =

     1


Q =

     0
     0
     0

>> 