
	Classroom License -- for classroom instructional use only.

>> HopesAndDreams
>> HopesAndDreams

NumberOfCombos =

     0


Q =

     []


NumberOfCombos =

     0


Q =

     []


BigArray =

    14    13    12    11    10     9     8     7     6     5
    14    13    11    10     8     7     5     4     2     1
     0     0     0     0     0     0     0     0     0     0


BigArray =

    14    13    12    11    10     9     8     7     5     1
    14    13    11    10     8     7     5     4     2     1
     0     0     0     0     0     0     0     0     0     0


BigArray =

    14    13    12    11    10     9     8     6     5     2
    14    13    11    10     8     7     5     4     2     1
     0     0     0     0     0     0     0     0     0     0


BigArray =

    14    13    12    11    10     9     8     5     2     1
    14    13    11    10     8     7     5     4     2     1
     0     0     0     0     0     0     0     0     0     0


BigArray =

    14    13    12    11    10     9     7     6     5     3
    14    13    11    10     8     7     5     4     2     1
     0     0     0     0     0     0     0     0     0     0


BigArray =

    14    13    12    11    10     9     7     5     3     1
    14    13    11    10     8     7     5     4     2     1
     0     0     0     0     0     0     0     0     0     0


BigArray =

    14    13    12    11    10     9     6     5     3     2
    14    13    11    10     8     7     5     4     2     1
     0     0     0     0     0     0     0     0     0     0


BigArray =

    14    13    12    11    10     9     5     3     2     1
    14    13    11    10     8     7     5     4     2     1
     0     0     0     0     0     0     0     0     0     0


BigArray =

    14    13    12    11    10     8     7     6     5     4
    14    13    11    10     8     7     5     4     2     1
     0     0     0     0     0     0     0     0     0     0


BigArray =

    14    13    12    11    10     8     7     5     4     1
    14    13    11    10     8     7     5     4     2     1
     0     0     0     0     0     0     0     0     0     0


BigArray =

    14    13    12    11    10     8     6     5     4     2
    14    13    11    10     8     7     5     4     2     1
     0     0     0     0     0     0     0     0     0     0


BigArray =

    14    13    12    11    10     8     5     4     2     1
    14    13    11    10     8     7     5     4     2     1
     0     0     0     0     0     0     0     0     0     0


BigArray =

    14    13    12    11    10     7     6     5     4     3
    14    13    11    10     8     7     5     4     2     1
     0     0     0     0     0     0     0     0     0     0


BigArray =

    14    13    12    11    10     7     5     4     3     1
    14    13    11    10     8     7     5     4     2     1
     0     0     0     0     0     0     0     0     0     0


BigArray =

    14    13    12    11    10     6     5     4     3     2
    14    13    11    10     8     7     5     4     2     1
     0     0     0     0     0     0     0     0     0     0


BigArray =

    14    13    12    11    10     5     4     3     2     1
    14    13    11    10     8     7     5     4     2     1
     0     0     0     0     0     0     0     0     0     0


BigArray =

    14    13    12    10     9     8     7     6     5     1
    14    13    11    10     8     7     5     4     2     1
     0     0     0     0     0     0     0     0     0     0


BigArray =

    14    13    12    10     9     8     6     5     2     1
    14    13    11    10     8     7     5     4     2     1
     0     0     0     0     0     0     0     0     0     0


BigArray =

    14    13    12    10     9     7     6     5     3     1
    14    13    11    10     8     7     5     4     2     1
     0     0     0     0     0     0     0     0     0     0


BigArray =

    14    13    12    10     9     6     5     3     2     1
    14    13    11    10     8     7     5     4     2     1
     0     0     0     0     0     0     0     0     0     0


BigArray =

    14    13    12    10     8     7     6     5     4     1
    14    13    11    10     8     7     5     4     2     1
     0     0     0     0     0     0     0     0     0     0


BigArray =

    14    13    12    10     8     6     5     4     2     1
    14    13    11    10     8     7     5     4     2     1
     0     0     0     0     0     0     0     0     0     0


BigArray =

    14    13    12    10     7     6     5     4     3     1
    14    13    11    10     8     7     5     4     2     1
     0     0     0     0     0     0     0     0     0     0


BigArray =

    14    13    12    10     6     5     4     3     2     1
    14    13    11    10     8     7     5     4     2     1
     0     0     0     0     0     0     0     0     0     0


BigArray =

    14    13    11    10     9     8     7     6     5     2
    14    13    11    10     8     7     5     4     2     1
     0     0     0     0     0     0     0     0     0     0


BigArray =

    14    13    11    10     9     8     7     5     2     1
    14    13    11    10     8     7     5     4     2     1
     0     0     0     0     0     0     0     0     0     0


BigArray =

    14    13    11    10     9     7     6     5     3     2
    14    13    11    10     8     7     5     4     2     1
     0     0     0     0     0     0     0     0     0     0


BigArray =

    14    13    11    10     9     7     5     3     2     1
    14    13    11    10     8     7     5     4     2     1
     0     0     0     0     0     0     0     0     0     0


BigArray =

    14    13    11    10     8     7     6     5     4     2
    14    13    11    10     8     7     5     4     2     1
     0     0     0     0     0     0     0     0     0     0


BigArray =

    14    13    11    10     8     7     5     4     2     1
    14    13    12    11    10     9     8     7     6     5
     0     0     0     0     0     0     0     0     0     0


BigArray =

    14    13    11    10     8     7     5     4     2     1
    14    13    12    11    10     9     8     7     5     1
     0     0     0     0     0     0     0     0     0     0


BigArray =

    14    13    11    10     8     7     5     4     2     1
    14    13    12    11    10     9     8     6     5     2
     0     0     0     0     0     0     0     0     0     0


BigArray =

    14    13    11    10     8     7     5     4     2     1
    14    13    12    11    10     9     8     5     2     1
     0     0     0     0     0     0     0     0     0     0


BigArray =

    14    13    11    10     8     7     5     4     2     1
    14    13    12    11    10     9     7     6     5     3
     0     0     0     0     0     0     0     0     0     0


BigArray =

    14    13    11    10     8     7     5     4     2     1
    14    13    12    11    10     9     7     5     3     1
     0     0     0     0     0     0     0     0     0     0


BigArray =

    14    13    11    10     8     7     5     4     2     1
    14    13    12    11    10     9     6     5     3     2
     0     0     0     0     0     0     0     0     0     0


BigArray =

    14    13    11    10     8     7     5     4     2     1
    14    13    12    11    10     9     5     3     2     1
     0     0     0     0     0     0     0     0     0     0


BigArray =

    14    13    11    10     8     7     5     4     2     1
    14    13    12    11    10     8     7     6     5     4
     0     0     0     0     0     0     0     0     0     0


